100
4 00001
6 4005001
3 7801
3 8001
6 9007001
4 01001
6 0000001
6 3503538
0 9
1 11
6 0305721
6 0000807
3 7001
2 071
6 9999999
2 121
1 09
6 0000001
6 1202121
2 111
6 0102011
4 12021
6 0040001
6 5326144
6 5513814
6 2600001
4 02101
6 5040001
6 2111101
6 2939641
5 000001
6 0003001
0 1
6 5060001
6 2070001
0 7
6 0000101
5 900001
6 4080091
6 0900001
6 0040131
6 2002001
6 0100001
6 1700001
6 3139383
6 8050571
6 1000111
6 1202001
6 2020121
0 1
1 73
2 001
3 0005
0 1
1 81
6 9074143
6 0000021
6 0212122
6 2270521
5 112145
6 3900011
4 11111
6 3795545
6 1210201
6 1111111
1 51
6 7000091
5 770001
4 80001
6 1101111
5 110011
6 6590248
5 800001
5 000491
6 2012011
6 5000071
6 4700004
6 0000081
5 773032
0 1
4 98559
2 031
6 1001001
6 0001121
0 1
6 0010021
6 1597585
6 8010001
3 1111
6 0000031
6 6020001
5 000001
4 07165
6 0407894
5 000091
0 1
3 1878
0 1
6 0009075
2 111
